0
0
0
0
1
2
0
2
1
0
2
0
-1
-3
-2
0
-2
-4
-1
-3
2
1
-2
-4
-1
-4
-4
-7
-8
-10
-13
-9
-11
-13
-16
-19
-22
-25
-28
-31
-33
-37
-39
-43
-46
-49
-52
-54
-58
-60
-64
-67
-70
-73
-75
-79
-82
-85
-88
-91
-94
-97
-99
-103
-106
-109
-112
-115
-118
-121
0
0
0
0
1
0
0
0
2
0
1
0
-3
-2
-4
-5
-7
-9
-11
-2
-4
2
0
1
1
-2
-3
-5
-8
-4
0
-1
-2
2
-1
-3
-6
-4
-3
-4
-5
-7
-10
-12
-14
-16
-18
-19
-13
-15
-16
-19
-21
-23
-24
-27
-29
-29
-33
-24
-26
-29
-32
-35
-38
-41
-44
-39
-42
-45
-37
-40
-42
-46
-45
-49
-50
-54
-46
-49
-46
-49
-48
-48
-51
-53
-54
-57
-4
-5
-9
-9
-12
-15
0
-3
-4
-7
-6
-9
-11
-15
-12
-10
-14
-15
-4
-4
-8
-10
-13
-12
-14
-17
-12
-12
-14
-12
-15
-16
-18
-19
-18
-21
-23
-3
-7
-6
-10
-12
-2
-5
-6
-8
-11
-14
-11
-15
-12
-15
-19
-21
-18
-22
-18
-21
-23
-25
-28
-29
-23
-27
-28
-32
-34
-37
-41
-44
-38
-32
-35
-36
-38
-42
-44
-48
-46
-40
-43
-44
-47
-50
-53
-56
-54
-57
-50
-53
-55
-59
-58
-61
-64
-64
-58
-59
-63
-65
-65
-68
-71
0
-3
-4
-6
-10
-10
-13
-14
-5
-9
-8
-12
-12
-13
-15
-12
0
-1
-5
-7
-1
-5
0
-4
-6
-4
-8
-3
-7
-6
-6
-7
1
-2
-1
-3
-5
-5
-6
-6
2
0
0
-2
-1
-2
-4
-1
-3
-3
-5
-5
-7
-7
-9
-11
-12
-4
-6
-7
-9
-11
2
-1
-1
-1
-1
-2
-2
-2
-2
-4
1
-3
-3
-6
-5
-2
-6
-6
-4
-4
-6
-5
-9
-11
-14
-14
-16
-19
-22
-22
-24
-25
-27
-30
-32
-33
2
-1
0
-1
0
-1
0
-1
1
-3
0
-4
-5
-8
-6
-8
-4
-8
-2
-6
0
-4
0
-4
-4
-7
-5
-2
-6
-5
-2
-3
-3
1
1
0
-1
-3
-3
1
-3
0
-2
-4
-1
-5
0
-4
0
-4
-3
-1
0
-1
0
-4
0
-4
0
-4
0
-4
-4
-8
-4
-8
-10
-13
-7
-4
-8
-8
-4
-6
1
-3
0
-4
-6
0
-4
1
-2
-4
-2
-6
-3
-6
-3
-2
-2
0
-1
-1
-3
-5
1
-3
1
-3
0
-4
1
-2
-1
-3
0
-1
-3
-5
-2
-3
1
-1
0
-2
-1
-4
1
-2
1
-1
-1
-1
0
-1
1
-2
-2
2
-1
-1
-1
0
-2
2
-2
0
-4
1
-2
-5
-7
-7
-10
-7
-10
-7
-9
-11
-12
-14
-13
-16
1
-3
0
-4
-2
-1
0
-1
2
-1
-1
-3
-3
1
-2
-1
-3
-5
-2
-6
1
-3
1
-2
-2
-4
-4
-6
-6
-9
-7
-10
2
0
-1
2
0
-3
0
-2
1
-3
0
1
-1
2
-2
0
-4
1
-2
-4
-3
-5
0
1
-1
0
1
1
1
1
1
1
0
1
1
0
-1
0
-4
-2
-1
0
-1
-1
-2
-2
-2
-2
-5
0
-4
-4
-8
-3
-7
-8
-12
-2
-6
-8
-11
-11
-8
-12
-12
-4
-4
-2
-2
-2
-2
-6
-2
-5
-6
-8
-2
-3
-5
-7
-2
-4
1
-3
-1
-1
-1
-2
-4
-3
-7
0
-4
0
-4
0
-4
-3
-6
-4
-6
2
1
0
1
-1
-3
0
-4
1
-2
-4
0
-4
1
-2
-5
-2
-5
-1
-1
-4
0
-3
-6
0
-3
-4
0
-3
-1
-1
-4
0
-2
0
-3
1
-2
1
-1
0
-1
1
-1
0
-1
0
-1
-1
-1
-1
-2
-2
-1
-2
0
-3
1
-2
1
-2
1
-1
-5
-5
-2
-3
1
-2
1
-1
-3
-1
-2
0
-1
-1
-2
-2
-2
-2
-1
0
-1
0
-3
1
-2
1
-2
1
-2
1
-2
1
-1
-2
-3
1
-1
-1
-1
0
-2
1
-3
0
-4
0
-4
0
-4
0
-4
0
-4
-4
-8
-2
-6
-6
-10
-2
-6
-6
-10
-1
-4
-5
-7
-2
-3
-6
-9
-5
-4
-2
-1
0
-2
1
-3
0
-4
1
-2
1
-1
0
-1
-3
-6
-4
-4
-2
-1
0
-2
-1
-5
0
-4
0
-4
0
-4
1
-2
0
-1
-1
-2
-6
-6
-4
-3
0
-1
-3
-2
-4
-7
-6
-3
-4
-2
-2
-4
1
-3
0
-4
1
-2
-4
-7
-5
-4
-8
-8
-4
-4
-2
-1
0
-3
-3
-1
-3
-6
-10
-8
-6
-10
-1
-5
0
-4
0
-4
0
-4
0
-4
-4
-8
-1
-4
-5
-7
-2
-4
-7
-10
-6
-4
-2
-2
-2
-2
-2
-1
0
-1
1
-3
-2
-6
-5
-1
-3
-1
-5
0
-4
-4
-5
-5
-2
-2
-2
-2
-6
0
-3
-4
-6
-3
-5
-8
-7
-3
-4
-2
-2
-2
-1
0
-2
-1
0
-1
-5
-5
-4
-3
0
-2
-3
-2
-2
-5
-7
-3
-7
0
-4
-4
-3
-3
-2
-2
-4
-4
-8
0
-3
-4
-7
-7
-9
-8
-12
-1
-4
0
-1
-1
-1
0
-1
-1
-4
0
-1
-5
0
-4
-1
-1
-3
2
-1
-3
0
-4
0
-4
-4
-3
-2
0
-1
-3
-1
-3
-6
-6
-3
-3
0
-1
1
-2
1
-1
-1
1
0
1
-1
0
-1
0
-1
-1
-1
-3
2
-1
-2
2
-1
1
-2
1
-2
0
-4
1
-2
1
-1
0
-1
-2
-4
-2
-2
-2
-2
-2
-2
-2
-2
-2
-2
-2
-1
0
-1
-3
-2
-4
-4
-8
-1
-4
1
-1
0
-2
1
-2
-3
-3
0
-3
1
-3
-1
-1
-5
0
-3
-4
0
-3
0
-3
-6
-5
-3
-2
-2
-2
-2
-2
-2
-2
-2
-2
-2
-4
-4
-7
1
-2
-2
-6
-2
-6
-7
-5
-1
-2
-6
-8
-3
-7
0
-4
-4
-3
-3
-5
-7
-6
-2
-3
-6
-6
-3
-3
-2
-2
-5
1
-2
-2
-6
-1
-4
-4
-5
1
0
0
-2
1
0
-1
-1
-4
1
-2
-1
-1
0
-2
-1
-5
-4
-8
-1
-5
-5
-9
-1
-4
-5
-7
-2
-3
-5
-7
-2
-3
0
-1
-1
-1
-1
-2
-2
-1
0
-1
1
-2
1
-1
0
-4
0
-4
1
-2
-1
-1
0
-3
1
-2
1
-1
-1
-2
-2
-2
-2
-4
-1
0
0
-2
-2
1
-2
-1
-1
1
-1
2
0
0
-1
1
-2
1
-2
2
-1
0
2
-1
1
-2
-1
0
-2
1
-2
1
-2
1
-1
0
-1
1
-1
0
-1
1
-2
-1
1
-1
-1
1
-2
0
-1
-1
-2
-2
-2
-2
-2
-2
-2
-6
-1
-5
-5
-9
-1
-5
-7
-10
-10
-8
-12
-11
-2
-3
0
-4
-2
-6
-5
-1
-2
1
-2
1
-1
-4
-3
-3
-2
-2
-2
-2
-2
-2
-2
-2
-2
-1
-1
-2
-6
0
-3
-4
-7
-4
-4
-8
-8
-4
-4
-2
-1
-2
-4
-7
-4
-3
-7
-7
-4
-6
-3
0
-1
-5
-5
-4
-4
-2
-4
-3
-2
-3
-7
-9
-4
-8
0
-4
-4
-3
-3
-2
-2
-6
0
-3
-4
-6
-2
-3
-5
-7
-2
-3
1
-1
0
-1
0
-2
1
-2
1
-1
0
-1
0
-1
0
-1
0
-1
0
-2
1
-2
1
-1
1
-2
1
-1
-3
2
-1
0
-4
1
-3
-1
-1
-1
-1
0
-1
0
-4
0
-4
-4
-3
-3
-2
-1
0
-1
-4
-3
-3
-7
-6
-2
-3
1
-2
1
-1
-4
-3
-3
-2
-1
0
-1
1
-2
1
-1
-2
-1
-1
-2
-2
-4
-3
-7
1
-2
1
-1
0
-1
-3
-5
-3
-4
-2
-1
0
-1
-2
2
0
-1
-3
-1
-5
0
-4
0
-4
0
-4
0
-4
0
-4
-4
-8
-2
-6
-8
-7
-3
-4
-8
-10
-5
-9
-4
-8
-8
-3
-5
1
-3
0
-4
-4
-3
-3
-5
-5
-9
-1
-5
-5
-9
-2
-6
-6
-10
-2
-6
-8
-7
-3
-4
-8
-10
-9
-13
-5
-1
-5
-1
-5
-3
-1
-1
-2
-2
-6
-1
-5
-5
-9
-2
-6
-8
-7
-3
-4
-8
-8
-4
-4
-2
-2
-6
-1
-5
-5
-9
-2
-6
-8
-7
-3
-4
-8
-10
-5
-9
0
-4
-4
-3
-3
-2
-2
-4
-4
-8
-1
-5
-5
-9
-1
-4
-6
-9
-5
-4
-8
-7
-2
-3
1
-2
1
-2
-5
-6
-5
-2
-2
-2
-2
-2
-1
0
-2
-1
-5
0
-4
-4
-3
-3
-2
-2
-4
-4
-8
-1
-5
-5
-9
-2
-6
-6
-10
-2
-6
-8
-7
-3
-3
-6
-7
-2
-6
0
-4
-4
-5
-5
-2
-1
0
-2
-3
-2
-2
-5
-6
-1
-4
1
-1
-3
-2
-2
0
-3
1
-2
-3
2
-1
1
-1
-4
0
-3
-6
-4
-3
-2
-2
-2
-2
-2
-2
-2
-2
-2
-2
-2
-2
-6
-1
-5
-5
-9
-2
-6
-6
-10
-2
-6
-6
-10
-2
-6
-6
-10
-2
-6
-6
-10
-2
-6
-6
-10
-2
-6
-6
-10
-1
-5
-7
-10
-6
-4
-8
-8
-4
-4
-2
-2
-2
-2
-6
-1
-5
-5
-9
-1
-4
-5
-7
-2
-4
-7
-7
-3
-3
-1
-2
-2
-1
0
-2
1
-3
-1
-1
-5
-1
-5
-5
-3
-2
0
-1
-3
-1
-2
-4
-6
-2
-4
-1
-1
-1
-4
1
-2
1
-1
0
-1
0
-1
-1
-1
-1
-2
-2
-2
-4
1
-3
0
-4
-2
-6
0
-4
-4
-8
-2
-6
-6
-10
-2
-6
-6
-10
-2
-6
-6
-10
-2
-6
-8
-7
-3
-3
-6
-7
-1
-4
1
-1
-3
-1
-2
0
-1
-1
-1
0
-2
1
-3
1
-3
-1
-1
-1
-2
-2
-2
-2
-2
-2
-2
-2
-1
0
-2
-3
-1
-2
-5
-9
-4
-3
-7
-1
-5
0
-4
0
-4
0
-4
0
-4
-4
-8
-2
-6
-8
-11
-11
-8
-12
-12
-4
-4
-2
-2
-2
-2
-6
-1
-5
-5
-9
-2
-6
-6
-10
-2
-6
-6
-10
-2
-6
-6
-10
-2
-6
-6
-10
-2
-6
-8
-7
-3
-4
-8
-10
-5
-9
0
-4
-4
-3
-3
-2
-2
-2
-2
-6
-1
-5
-5
-9
-2
-6
-6
-10
-2
-6
-8
-7
-3
-4
-8
-10
-1
-5
0
-4
-4
-3
-3
-2
-2
-6
-1
-5
-5
-9
-2
-6
-6
-10
-2
-6
-6
-10
-2
-6
-6
-10
-2
-6
-6
-10
-2
-6
-6
-10
-2
-6
-6
-10
-1
-5
-7
-7
-3
-4
-8
-10
-5
-9
0
-4
-4
-3
-3
-5
-5
-9
-1
-5
-5
-9
-1
-4
-5
-7
-2
-3
-5
-7
-3
-4
-2
-1
0
-2
-1
